38759 42
65413 42
65441 42
279902 39
85638 35
235034 38
85051 37
66867 42
67035 42
68667 42
299438 39
318839 39
92780 35
93356 35
83000 41
300346 38
363089 38
380219 38
74585 36
90172 37
97259 37
97430 37
107136 40
3225 42
71461 42
72534 42
89070 39
365228 39
383367 39
93501 35
102875 35
84425 41
85071 41
65228 41
398217 38
405070 38
76272 36
77821 36
98798 37
105064 37
106085 37
108855 40
110871 40
113506 40
72867 42
74633 42
1249 39
1274 39
10559 39
110324 35
112151 35
90522 41
91423 41
414225 38
4125 38
56258 36
82408 36
111063 37
56396 37
287932 34
117767 40
119791 40
120142 40
76565 42
45985 42
82147 42
18945 39
20946 39
22370 39
115415 35
118967 35
91785 41
95268 41
95601 41
6211 38
6672 38
23664 38
87619 36
88478 36
90647 36
116528 37
118226 37
118844 37
375069 34
383462 34
108549 27
120441 40
121019 40
163966 40
173073 30
420520 29
71417 33
83273 28
4833 32
84331 42
92061 42
58972 39
59208 39
115326 35
142945 35
64366 35
96879 41
100285 41
24176 38
25116 38
98656 36
99077 36
131520 37
165533 37
187626 37
2716 34
49481 34
52476 34
115345 27
109885 27
195167 27
209882 40
247756 40
266739 40
199903 30
344301 30
357051 30
1098 29
2719 29
4562 29
75117 33
78427 33
80106 33
84974 28
92066 28
94160 28
56442 32
167140 32
206387 32
92064 42
7728 42
59934 39
60024 39
178247 35
269741 35
100449 41
106167 41
48547 38
51407 38
56067 38
110125 36
113774 36
210046 37
241532 37
57540 34
58086 34
257019 27
107401 27
276048 40
278107 40
375778 30
311 30
1154 30
31241 29
35518 29
87675 33
88746 33
97416 28
97805 28
43330 28
241909 32
277681 32
287464 32
93838 42
94515 42
96177 42
60761 39
60954 39
301609 35
334086 35
109260 41
110141 41
59685 38
63274 38
117164 36
133103 36
321529 37
366124 37
384740 37
65964 31
99424 25
87631 24
96228 23
2119 34
67226 34
70040 34
166817 22
110807 21
106602 20
36889 26
304878 27
84918 27
391252 27
297505 40
323595 40
331198 40
7104 30
10510 30
46736 29
49849 29
96362 33
96384 33
73637 28
68990 28
301988 32
362785 32
98251 42
100148 42
102347 42
54032 39
65525 39
337420 35
365048 35
381423 35
81225 41
114356 41
115901 41
66108 38
73064 38
73545 38
165034 36
233170 36
270312 36
416103 37
420364 37
14005 37
66940 31
67005 31
72150 31
112448 25
116167 25
163811 25
41945 24
57437 24
73900 24
104438 23
117890 23
120373 23
71920 34
74985 34
75984 34
169070 22
230813 22
16938 22
77590 21
143925 21
187730 21
59403 20
274797 20
417505 20
58257 26
59970 26
60816 26
419869 27
1121 27
2309 27
337630 40
347091 40
11165 30
13854 30
51523 29
62400 29
97149 33
100166 33
109109 33
287539 28
336025 28
13058 28
371994 32
400538 32
104732 42
106219 42
105891 42
67149 39
67284 39
70044 39
606 35
2981 35
8911 35
117771 41
89420 41
75693 38
78184 38
276811 36
290678 36
291321 36
30795 37
13766 37
75268 31
80940 31
243785 25
278219 25
75945 24
77057 24
122164 23
129729 23
76028 34
64362 34
84824 34
33976 22
50298 22
50405 22
364819 21
396378 21
420400 21
7 20
17177 20
57571 20
71586 26
72706 26
80195 26
18944 27
33785 27
363120 40
383315 40
18091 30
25044 30
33283 30
69922 29
72762 29
74762 29
111029 33
113597 33
15289 28
17145 28
1169 32
2726 32
112132 42
113543 42
72162 39
73126 39
13893 35
24610 35
173326 41
188025 41
83410 38
84958 38
87966 38
377018 36
377141 36
419658 36
46132 19
54763 37
56525 37
90316 31
90475 31
345155 25
323545 25
77571 24
79003 24
165574 23
263194 23
85215 34
89876 34
94224 34
81507 22
83513 22
319 21
2930 21
29001 20
72760 20
89009 26
92447 26
92486 26
48473 27
50862 27
52411 27
52647 40
405272 40
415636 40
41354 30
4131 30
76982 29
85453 29
114361 33
117301 33
28961 28
34101 28
6527 32
10269 32
115617 42
147256 42
74079 39
74381 39
18442 35
54536 35
258928 41
309495 41
312709 41
3738 38
90592 38
90874 38
1052 36
1141 36
6578 36
1284 19
108432 19
101188 19
57635 37
59666 37
95435 31
96796 31
58679 25
61973 25
80260 24
88494 24
94421 24
14728 23
14808 23
55905 23
97530 34
110209 34
111966 34
87114 22
87902 22
99227 22
18521 21
28281 21
55008 21
73141 20
76391 20
96300 26
100884 26
52717 27
36538 27
1101 40
2446 40
54309 30
54606 30
85884 29
88871 29
98293 29
117336 33
146850 33
50952 28
53770 28
33879 32
35743 32
153246 42
195116 42
245813 42
74681 39
75196 39
67014 35
67090 35
76117 35
321582 41
101458 41
91688 38
94624 38
9217 36
13260 36
23296 19
32351 19
95228 19
62261 37
63931 37
105760 31
136074 31
77110 25
102914 25
89646 24
121273 24
61175 23
73318 23
91233 23
113328 34
119131 34
194843 34
373792 22
385359 22
57337 21
61628 21
79288 20
80064 20
102212 20
102791 26
108822 26
344054 26
64276 27
64467 27
7501 40
9554 40
31233 40
64864 30
65822 30
114240 29
118043 29
118843 29
176473 33
206501 33
243991 33
54241 28
61431 28
37044 32
42657 32
43308 32
278530 42
285758 42
30260 39
5679 39
78142 35
78954 35
364701 41
376808 41
96257 38
96369 38
100259 38
16112 36
26062 36
39600 36
101657 19
113590 19
66414 37
73444 37
142391 31
233305 31
105478 25
117724 25
230770 24
274913 24
102763 23
106799 23
206472 34
235150 34
5789 22
8752 22
63894 21
68451 21
81532 20
343849 20
419279 26
1075 26
66717 27
68086 27
34135 40
35538 40
9859 30
66690 30
187103 29
258533 29
340888 29
68 33
13275 33
16116 33
67227 28
75406 28
73314 32
74965 32
288242 42
309458 42
80749 39
81780 39
84880 39
82537 35
88765 35
378382 41
414009 41
104014 38
107652 38
47831 36
50890 36
52012 36
44256 19
28090 19
75409 37
76143 37
112431 31
253574 31
118319 25
125583 25
290865 24
309589 24
352837 24
120187 23
243678 23
75218 23
264971 34
276139 34
378821 34
39151 22
39120 22
45374 22
74075 21
87485 21
98630 20
153329 20
417882 20
42459 26
48216 26
5680 26
69810 27
81641 27
83580 27
37393 40
55496 40
57047 40
73240 30
73249 30
72136 30
120960 29
1076 29
29702 33
35802 33
39643 33
78978 28
79108 28
79879 28
76829 32
80757 32
325476 42
376992 42
87109 39
87205 39
117580 35
119543 35
416176 41
77 41
110208 38
54255 36
58448 36
77265 19
77521 19
76584 37
77806 37
256746 31
265166 31
195203 25
212841 25
1134 24
20649 24
360520 23
419764 23
383364 34
695 34
60913 22
38552 22
61734 22
94106 21
97473 21
106462 21
15872 20
23798 20
67704 20
64132 26
83265 26
83352 26
86667 27
88465 27
58007 40
60172 40
75774 30
88944 30
9195 30
1238 29
19422 29
42517 33
56041 33
107215 28
117286 28
81289 32
66502 32
378303 42
384893 42
405580 42
89418 39
89937 39
133134 35
142320 35
172 41
2407 41
110312 38
110608 38
113921 38
61855 36
43924 36
64880 36
78123 19
79047 19
90054 19
39085 37
90598 37
101295 31
293149 31
301693 25
37 25
33698 24
5832 24
5930 23
11996 23
15077 34
18085 34
18217 34
74080 22
79436 22
83728 22
9024 21
115162 21
116830 21
72979 20
91624 20
98323 26
105653 26
97775 27
107086 27
63506 40
63805 40
106783 30
111761 30
28060 29
51167 29
61946 33
65299 33
66284 33
117980 28
119705 28
247656 28
95651 32
52484 32
408119 42
414154 42
90693 39
94389 39
95425 39
195359 35
135233 35
3359 41
5567 41
21888 41
118283 38
120111 38
70345 36
71162 36
242044 19
140 19
91399 37
97531 37
298634 31
116145 31
310 25
1057 25
3575 24
62152 24
12169 23
49236 23
37913 34
46007 34
83822 22
75311 22
32854 21
50387 21
99753 20
109380 20
106372 26
112552 26
276332 27
345451 27
420010 27
64440 40
65657 40
121961 30
200382 30
52732 29
55190 29
69557 33
10025 33
73806 33
357428 28
3185 28
5436 28
101922 32
103509 32
105136 32
415551 42
419709 42
420212 42
96200 39
97018 39
397806 35
725 35
23156 41
25653 41
28953 41
121111 38
121187 38
121784 38
72066 36
72757 36
360 19
33777 19
98611 37
102715 37
347095 31
363097 31
377193 31
1340 25
2294 25
65659 24
70404 24
82633 24
51676 23
55354 23
57326 34
59671 34
70618 34
65914 22
302403 22
68412 21
77727 21
80348 21
309572 20
20833 20
116575 26
118565 26
1096 27
1222 27
72211 40
72541 40
235068 30
247447 30
58800 29
63097 29
81219 33
93824 33
94426 33
27650 28
29782 28
45029 28
119350 32
119600 32
98637 39
100087 39
29929 35
34107 35
36776 41
43332 41
54171 41
122307 38
165578 38
76980 36
77493 36
103249 19
106081 19
107856 37
114492 37
381414 31
408779 31
419369 31
47750 25
1369 25
86461 24
86890 24
90955 24
55395 23
62698 23
71507 34
72780 34
73250 34
383583 22
63 22
8915 22
83413 21
86950 21
27306 20
38680 20
287968 26
345685 26
383560 26
3375 27
9251 27
11590 27
74189 40
77589 40
80550 40
255612 30
279393 30
65020 29
71930 29
98879 33
99774 33
62880 28
85630 28
87165 28
133179 32
168641 32
184235 32
103276 39
103656 39
40805 35
50989 35
55249 41
57886 41
59997 41
279536 38
78433 36
78635 36
114979 19
136599 19
397718 19
149244 37
176356 37
1009 31
6934 31
35495 31
61659 25
59 25
93540 25
98718 24
2478 24
103814 24
63231 23
73747 23
92999 23
67958 34
75462 34
77596 34
53252 22
53341 22
53679 22
87623 21
105985 21
51400 20
9129 20
420307 26
17906 26
19873 26
16307 27
25973 27
35671 27
81694 40
82958 40
22556 30
330724 30
73783 29
74087 29
85723 29
101822 33
102328 33
102550 33
95610 28
101459 28
361616 32
365301 32
105887 39
58289 35
66828 35
71984 35
63367 41
43920 36
36675 19
41504 19
44913 19
212937 37
44602 31
48445 31
61736 31
98732 25
110635 25
114288 25
111099 24
402 24
241863 24
2609 23
365046 23
78460 34
56106 22
61464 22
110161 21
55992 21
65437 20
70652 20
53715 26
57158 26
57990 26
44750 27
54975 27
3911 27
393944 30
3891 30
29919 30
92063 29
96504 29
100387 29
116251 33
117938 33
119204 33
108753 28
116764 28
124039 28
373775 32
4784 32
15321 32
61671 19
64039 19
74472 19
74722 31
74915 31
116159 25
28309 25
419633 24
31343 24
3396 24
385199 23
2176 23
2497 23
66488 22
76916 22
378222 21
383626 21
366 21
84653 20
103660 20
114439 20
33695 26
66771 26
60059 27
65380 27
34111 30
49323 30
113073 29
116315 29
122097 33
1112 33
178116 33
195205 28
259137 28
274716 28
35588 32
44288 32
56772 32
105141 19
132744 19
58631 31
70578 31
130019 25
136139 25
37066 24
44069 24
5166 23
42452 23
408 22
104310 22
2143 21
2290 21
114455 20
152925 20
210238 20
71571 26
74374 26
80604 26
69580 27
81775 27
49686 30
60781 30
117460 29
122651 29
125168 29
99204 28
59246 32
62091 32
153601 19
156423 19
5981 19
84475 31
85759 31
24327 31
152774 25
176527 25
56049 24
65236 24
76370 24
71861 23
79664 23
82868 23
105412 22
111528 22
8733 21
17165 21
292464 20
67233 20
345626 20
91643 26
96854 26
61133 30
61231 30
131216 29
63407 32
64025 32
49531 19
54728 19
72653 19
98890 31
98897 31
178166 25
207717 25
83574 24
86937 24
93595 23
111021 23
115550 22
130371 22
21946 21
78315 21
56578 21
7083 20
22175 20
63148 20
97142 26
98619 26
102950 26
473 30
75131 19
58428 19
101546 31
105628 31
105960 31
210317 25
251785 25
302362 25
83468 24
89245 24
118695 23
241447 23
11091 22
75800 22
63540 22
89059 21
109791 21
117259 21
63916 20
91137 20
105754 19
321751 19
116080 31
118952 31
366207 25
420171 25
2757 25
374173 23
385106 23
420356 19
62673 19
66028 19
5217 25
14576 25
84939 19
88932 19
77962 18
45243 18
97603 18
103613 18
113 18
2501 18
12710 18
50133 18
55243 18
23052 18
60957 18
67132 18
48766 16
72358 18
74848 18
83207 18
69736 16
73695 16
84585 16
105502 18
109120 18
114416 18
107266 16
114858 16
77891 17
44824 15
52597 14
30282 13
117457 18
4960 18
120449 16
214479 16
377208 16
81513 17
85531 17
395 17
79032 15
55897 15
7012 12
64035 14
1 14
198467 14
74526 13
75820 13
1192 13
33505 18
90875 18
110299 18
42036 16
72657 16
79696 16
87236 17
100414 17
108626 17
66889 15
74518 15
9519 12
47277 12
77985 12
233354 14
369 14
95881 11
91625 10
115630 13
154408 13
396115 18
2971 18
107743 16
320020 16
4237 17
129 17
78652 17
195245 15
389990 15
1089 15
365074 12
1179 12
52303 12
3 14
61197 14
72253 14
400483 11
54074 11
23256 11
31641 10
41461 10
71420 8
58675 13
101076 13
90993 13
71502 6
83177 5
54776 4
30246 18
57527 18
72523 18
353 16
25855 16
71869 16
176672 17
329740 17
3726 15
104207 15
78916 12
364332 12
279399 12
76395 14
2015 14
258 7
389477 11
25490 11
74649 11
96394 10
96199 10
287449 8
8254 8
184154 8
8593 13
53109 13
44049 13
105308 6
2005 6
102529 6
120160 5
44238 5
44197 5
6450 4
2214 4
103203 4
89422 18
117120 18
83563 16
10809 16
383341 17
2889 17
24922 17
111024 15
189354 15
420059 15
299 12
97839 12
354874 12
55018 14
70564 14
21629 7
395963 7
36887 11
88360 11
89336 3
81463 10
93978 10
11307 8
69 8
86608 8
419001 13
420464 13
82122 13
3287 6
355612 6
163 6
296916 5
55607 5
296883 5
3843 4
111494 4
342296 4
266251 18
420691 18
102904 16
100221 16
34140 17
69700 17
75664 17
10767 15
16106 15
82497 12
48711 12
1208 14
336 14
57650 14
9037 7
405537 7
418882 7
46455 9
94579 11
78202 11
23021 3
1132 3
329513 1
376 10
53591 10
118327 10
1194 8
119950 8
368 13
2061 13
8377 6
22700 6
56062 5
102772 5
26370 4
323772 4
53956 4
8964 18
22908 18
72909 18
1176 16
50784 16
76786 17
108481 17
120648 17
98466 15
103448 15
381305 15
14083 12
49970 12
75051 12
76381 14
15291 14
94530 14
60592 7
47258 7
87667 7
72552 9
1301 9
79554 11
334372 11
9436 11
5007 3
110670 3
1045 1
125 1
5314 1
42466 10
83110 10
347093 10
75707 8
2245 8
26023 13
74392 13
108168 13
37993 6
51816 6
56059 6
2469 5
9550 5
12216 4
53709 4
118384 18
241935 18
70532 18
57522 16
59448 16
136433 17
363288 17
59911 15
29351 15
87825 12
385267 12
104841 14
125293 14
389851 14
74235 7
7464 7
66807 7
71600 2
92810 9
2105 9
22710 11
34009 11
405 3
51833 3
46890 3
1122 1
1023 1
1359 1
9523 10
57961 10
79559 10
58004 8
274345 8
54976 8
109163 13
67 13
1984 6
1196 6
72685 5
10507 5
93610 5
21 4
167 4
332368 18
5854 18
55574 18
2729 16
12339 16
15228 17
50140 17
60881 15
70301 15
75655 15
394794 12
23257 12
96929 12
61502 14
106933 14
72958 7
39586 7
58628 7
24269 2
1117 2
312309 9
33662 9
59542 11
1008 11
97 3
36928 3
1357 1
108048 1
71936 1
206591 10
17621 10
23066 10
58673 8
19174 8
71129 8
54227 13
303366 13
5798 13
110465 6
321 6
13398 6
94314 5
3569 5
63203 5
300 4
71629 4
89462 18
95365 18
102836 18
74356 16
2032 16
78852 17
96009 17
79090 15
79131 15
33956 15
280456 12
3431 12
121184 12
37721 14
40833 14
119205 7
165428 7
74879 7
419543 2
497 2
52349 2
35829 9
52301 9
3224 11
52029 11
65148 3
17503 3
5027 3
98 1
346 1
75420 10
116312 10
196655 8
272 8
75544 13
57983 13
280457 13
11121 6
68657 6
100413 5
270187 5
66090 5
3527 4
43451 4
66694 4
102951 18
103716 18
181 18
2890 16
206398 16
245125 16
116369 17
128271 17
888 17
55933 15
59090 15
121535 12
121899 12
1178 12
81711 14
92045 14
67131 7
81934 7
72149 7
7055 2
97325 2
88823 9
88235 9
104317 9
49309 11
76379 11
27455 3
137 3
1109 1
1110 1
65050 10
2339 10
54908 8
54168 8
55671 13
94779 13
17979 6
251666 6
318963 5
1976 5
1067 4
90860 4
10080 18
19136 16
66257 16
61437 17
67541 17
59991 15
45173 15
49566 15
45989 12
99876 12
44464 14
79307 14
9180 7
57598 7
1290 7
20441 2
1197 2
121542 2
1182 9
2095 9
77638 11
81823 11
2081 3
43936 3
30202 3
109 1
329 1
1363 1
50219 10
82805 10
123985 10
163871 8
44095 8
98717 8
110991 13
51405 13
80141 13
63932 6
64325 6
19936 5
91412 5
117672 4
72743 4
1213 4
97728 16
323279 16
117739 17
178420 17
199795 17
55674 15
82893 15
125262 12
64163 12
307 14
45617 14
85665 14
107397 7
334832 7
617 7
73537 2
301 2
315 2
81423 9
84489 9
100779 11
40450 11
1295 3
100053 3
339 3
1131 1
79785 1
21976 1
1156 10
41965 10
106698 8
113216 8
152 13
75089 13
1047 6
53260 6
211584 5
12389 5
34507 4
15310 4
807 16
47283 16
62289 16
13860 17
18659 17
119182 15
381756 15
78147 12
86654 12
100454 12
394149 14
404966 14
399014 7
289652 7
2078 2
2841 2
781 9
3460 9
401071 11
57152 11
4958 3
178 3
1127 1
96928 1
332 1
8914 10
31519 10
74516 10
147 8
26484 8
79666 8
80056 13
118474 13
119616 13
86730 6
97586 6
48522 6
18849 5
56552 5
31996 4
192 4
493 4
91396 16
100788 16
118338 16
43888 17
62404 17
2023 17
145 15
65257 15
53220 15
162226 12
375400 12
60516 12
1254 14
12917 14
3007 7
13763 7
4959 7
55358 2
69660 2
10593 9
70342 9
82372 11
100335 11
345202 11
5 3
232 3
26 3
112112 1
1326 1
83185 1
9306 10
9416 10
69662 8
65248 8
95346 13
39312 13
50516 13
10728 6
94885 6
82821 5
415650 5
54221 4
88466 4
312469 16
345183 16
20089 16
100 17
208053 17
299017 17
84292 15
88724 15
90026 15
89019 12
107242 12
155 14
79883 14
419901 7
33487 7
68548 2
10408 2
96540 9
148 9
61518 11
59431 11
1163 3
50816 3
110320 3
39086 1
1294 1
22704 1
57257 10
101154 10
361494 10
82669 8
9823 8
75646 13
279835 13
35295 13
81569 6
70449 6
39588 6
103022 5
24629 5
399634 4
61904 4
31243 16
58248 16
63785 16
323210 17
57 17
96105 15
99755 15
1342 12
10798 12
11150 12
106069 14
115371 14
189077 14
92834 7
133404 7
62750 2
373822 2
395599 9
1116 9
112606 11
198962 11
245241 3
778 3
83778 3
9744 1
10411 1
19732 10
14950 10
75510 10
82157 8
392965 8
47183 13
196917 13
310963 13
88246 6
50633 6
80767 6
53711 5
78860 5
183659 4
323142 4
171 4
7439 17
56026 17
65262 17
104739 15
121089 15
80466 12
84153 12
106181 12
3271 14
88070 14
106432 14
668 7
59876 7
1104 2
2094 2
92255 2
12289 9
69155 9
394101 9
292 11
82013 11
49041 11
131934 3
452 3
405279 1
323 1
31322 1
2 10
41938 10
62553 10
46342 8
372 8
10649 8
330895 13
79985 6
108049 6
106328 6
197 5
383859 5
28042 5
25940 4
19903 4
90187 4
234634 15
334097 15
31828 15
19 12
379843 14
449 14
20579 14
116471 7
79963 7
2027 7
1021 2
72763 2
401152 9
72121 9
72321 11
2085 11
63705 11
2241 3
89519 3
39271 3
118 1
1338 1
1162 10
73890 10
62352 10
39830 8
61201 8
71717 8
1245 6
97161 6
1227 6
420095 5
7210 5
8253 4
13900 4
119918 7
14669 7
9617 7
97405 2
31250 2
17823 9
33013 9
95189 11
81253 11
78659 11
3514 3
52723 3
58634 1
54719 1
8543 1
11597 10
72439 10
174945 8
385181 8
4789 6
49887 6
102231 5
1108 5
60944 4
42447 4
75542 4
58458 7
270422 7
14322 2
69754 2
56249 2
56107 9
81317 9
9836 9
26568 11
106725 11
118564 11
200058 3
120700 3
297 1
48217 1
80062 10
67469 8
23867 8
136 6
94392 6
11659 6
62787 5
24665 5
419733 5
19898 4
2473 4
94424 7
82348 7
112642 2
1214 2
373831 9
228 9
2661 11
2136 3
385650 3
29 1
195 1
50428 8
3581 8
395638 6
69661 5
45089 5
1066 5
1255 4
111549 4
51733 2
63447 2
4888 2
74522 9
2722 9
4928 3
74172 3
18076 1
318 1
75339 8
27085 5
897 2
2086 2
283 9
1341 9
112109 3
43799 3
103931 1
219 1
140774 2
82846 2
23 9
9838 9
294 3
31067 1
29837 2
263189 2
100152 2
47269 9
116958 9
57492 2
61495 2
206667 9
44752 9
68656 2
1120 2
52128 9
118492 9
